14 36
85 181
422 461
632 650
675 714
1384 1403
1631 1649
2062 2084
2133 2229
2470 2509
2680 2698
2723 2762
3432 3451
3679 3697
4110 4132
4181 4277
4518 4557
4728 4746
4771 4810
5480 5499
5727 5745
6158 6180
6229 6325
6566 6605
6776 6794
6802 6802
6819 6858
7528 7547
7775 7793
8196 8231
8263 8376
8614 8660
8820 8913
9535 9595
9816 9848
10244 10279
10311 10424
10662 10708
10868 10961
11583 11643
11864 11896
12292 12327
12359 12432
12710 12756
12916 13009
13624 13691
13912 13944
14336 14378
14401 14477
14758 14810
14961 15084
15653 15739
15821 15840
15956 15995
16384 16426
16449 16525
16806 16858
17009 17132
17701 17787
17869 17888
18004 18043
18432 18474
18497 18573
18854 18906
19057 19180
19749 19835
19917 19936
20052 20091
20480 20522
20545 20574
20902 20954
21105 21228
21797 21883
21969 21984
21999 22001
22006 22007
22100 22119
22134 22139
22154 22155
22528 22574
22593 22622
22947 23013
23153 23286
23841 23931
24017 24070
24083 24083
24141 24167
24182 24187
24192 24204
24576 24622
24641 24670
24995 25061
25201 25334
25889 25979
26065 26118
26131 26131
26189 26215
26230 26235
26240 26252
26624 26670
27043 27109
27249 27382
27937 28027
28113 28179
28234 28263
28278 28283
28288 28300
28672 28718
29091 29173
29206 29221
29293 29437
29979 30075
30161 30247
30282 30311
30326 30351
30720 30766
31139 31221
31254 31269
31341 31485
32027 32123
32209 32295
32330 32359
32374 32399
32768 32810
33187 33269
33302 33317
33389 33533
34075 34171
34257 34343
34378 34407
34422 34447
34816 34858
35235 35385
35437 35587
36119 36219
36305 36394
36423 36458
36470 36499
36864 36906
37283 37433
37485 37635
38167 38267
38353 38442
38471 38506
38518 38547
38912 38954
39331 39481
39533 39683
40215 40315
40401 40490
40519 40554
40566 40595
40960 41002
41379 41529
41581 41731
42263 42363
42449 42538
42567 42602
42614 42643
43008 43050
43424 43580
43629 43786
44307 44411
44497 44593
44612 44654
44662 44691
45056 45098
45472 45628
45677 45834
46355 46459
46545 46641
46660 46702
46710 46739
47104 47146
47520 47676
47725 47882
48403 48507
48593 48689
48708 48750
48758 48787
49152 49194
49568 49725
49773 49930
50448 50558
50641 50740
50752 50835
51200 51242
51616 51773
51821 51978
52496 52606
52689 52788
52800 52883
53248 53290
53664 53821
53869 54026
54544 54654
54737 54836
54848 54931
55296 55338
55712 55868
55917 56074
56592 56705
56727 56729
56781 56979
57344 57386
57760 57916
57965 58122
58640 58753
58775 58777
58829 59027
59392 59434
59808 59964
60013 60170
60688 60801
60823 60825
60877 61075
61440 61482
61856 62012
62061 62218
62736 62849
62871 62873
62925 63123
63488 63530
63900 64060
64086 64087
64106 64266
64784 64897
64916 64921
64973 65171
65536 65578
65948 66108
66134 66135
66154 66314
66832 66945
66964 66969
67021 67219
67584 67626
67996 68156
68182 68183
68202 68362
68880 68993
69012 69017
69069 69267
69632 69674
70044 70204
70223 70245
70250 70410
70928 71045
71057 71065
71090 71092
71114 71315
71680 71722
72092 72252
72271 72293
72298 72458
72976 73093
73105 73113
73138 73140
73162 73363
73728 73770
74140 74300
74319 74341
74346 74506
75024 75141
75153 75161
75186 75188
75210 75411
75780 75815
76188 76348
76367 76389
76394 76554
77072 77189
77201 77206
77234 77236
77258 77459
77828 77863
78233 78396
78412 78602
79120 79254
79282 79287
79306 79507
79876 79911
80281 80444
80460 80650
81168 81302
81330 81335
81354 81555
81924 81959
82329 82492
82508 82698
83216 83343
83378 83383
83402 83603
83972 84007
84377 84541
84552 84746
85264 85391
85426 85435
85447 85651
86020 86055
86425 86589
86600 86794
87312 87439
87474 87483
87495 87699
88068 88100
88473 88637
88648 88842
89360 89483
89526 89531
89543 89747
90116 90148
90521 90685
90693 90890
91408 91531
91574 91795
92164 92196
92569 92733
92741 92938
93456 93579
93622 93843
94212 94244
94617 94781
94789 94986
95504 95627
95670 95891
96260 96292
96665 96832
96837 97034
97556 97672
97725 97939
98308 98340
98709 99082
99604 99720
99773 99987
100356 100388
100757 101130
101652 101768
101821 102035
102404 102432
102805 103178
103700 103816
103872 104083
104452 104480
104853 105226
105748 105864
105920 106131
106500 106528
106901 107274
107796 107912
107968 108179
108548 108576
108949 109322
109844 109960
110016 110227
110599 110621
110994 111367
111892 112008
112067 112184
112192 112275
112647 112669
113042 113415
113940 114056
114115 114232
114240 114323
114695 114717
115090 115463
115988 116104
116163 116280
116288 116371
116743 116762
117138 117511
118036 118152
118211 118328
118336 118419
118791 118810
119186 119559
120084 120203
120259 120376
120384 120467
120839 120858
121234 121607
122132 122251
122307 122424
122432 122515
122887 122906
123282 123655
124180 124299
124355 124472
124484 124563
124935 124954
125330 125703
126228 126347
126373 126374
126403 126520
126532 126611
126983 127002
127378 127751
128276 128395
128421 128422
128451 128568
128580 128659
129031 129050
129426 129799
130324 130443
130469 130470
130499 130616
130628 130707
131079 131098
131474 131847
132375 132491
132517 132518
132547 132664
132679 132755
133124 133149
133518 133895
134423 134543
134558 134570
134592 134709
134727 134803
135172 135197
135566 135943
136471 136591
136606 136618
136640 136757
136775 136851
137220 137245
137615 137991
138519 138639
138654 138666
138688 138804
138825 138899
139264 139293
139663 140039
140567 140714
140736 140852
140874 140947
141312 141341
141711 142087
142615 142762
142784 142900
142922 142995
143360 143389
143759 144135
144663 144793
144802 144810
144832 144948
144977 145043
145408 145440
145803 146183
146711 146841
146850 146861
146876 146996
147025 147091
147456 147488
147851 148231
148759 148889
148898 148909
148924 149044
149073 149139
149504 149536
149899 150279
150807 150937
150946 150957
150972 151092
151121 151187
151552 151581
151947 152327
152855 152982
152997 153005
153010 153140
153193 153208
153600 153629
153995 154375
154903 155030
155045 155188
155241 155256
155648 155677
156043 156423
156951 157078
157093 157236
157289 157304
157696 157725
158091 158467
158999 159126
159154 159284
159337 159352
159744 159773
160136 160515
161047 161174
161202 161332
161381 161400
161792 161821
162184 162563
163095 163222
163250 163380
163429 163448
163840 163869
164232 164611
165143 165270
165298 165428
165477 165496
165888 165917
166280 166659
167191 167315
167346 167476
167515 167544
167546 167546
167936 167965
168328 168707
169239 169363
169394 169524
169563 169592
169984 170013
170376 170755
171287 171411
171442 171572
171611 171640
172032 172061
172424 172803
173335 173459
173494 173620
173659 173688
174080 174109
174469 174852
175383 175507
175542 175668
175687 175736
176128 176157
176517 176900
177431 177555
177590 177716
177735 177784
178176 178205
178565 178947
178949 178949
179479 179603
179638 179764
179783 179832
180224 180253
180613 180995
181527 181651
181686 181812
181824 181880
182272 182301
182661 183043
183575 183699
183734 183860
183872 183928
184320 184349
184709 185091
185623 185747
185782 185908
185920 185976
186368 186397
186757 187139
187671 187795
187830 187956
187968 188020
188416 188446
188801 189187
189719 189843
189878 190004
190009 190068
190464 190493
190849 191235
191767 191891
191926 192052
192057 192116
192512 192538
192897 193283
193815 193942
193974 194100
194105 194164
194560 194586
194945 195332
195863 195990
196022 196212
196608 196634
196993 197380
197911 198038
198070 198260
198656 198682
199041 199428
199959 200086
200118 200308
200704 200730
201086 201476
202010 202134
202166 202357
202752 202778
203134 203524
204058 204182
204214 204405
204800 204826
205182 205572
206106 206230
206262 206453
206848 206870
207230 207620
208155 208278
208286 208288
208310 208500
208896 208918
209278 209668
210203 210343
210345 210345
210358 210548
210944 210966
211326 211716
212251 212391
212406 212596
212996 213007
213374 213764
214299 214442
214454 214577
214585 214644
215044 215055
215418 215812
216347 216490
216502 216625
216633 216692
217092 217103
217466 217860
218395 218538
218550 218673
218681 218740
219140 219151
219514 219908
220443 220586
220598 220721
220729 220788
221562 221955
222491 222769
222777 222833
223610 224003
224539 224817
224825 224881
225658 226051
226587 226865
226873 226929
227706 228099
228635 228913
228921 228977
229754 230148
230683 231025
231802 232196
232731 233073
233850 234244
234779 234902
234930 235064
235068 235071
235079 235121
235895 236292
236827 236947
236978 237112
237127 237169
237943 238340
238875 238995
239026 239160
239175 239217
239991 240388
240923 241043
241074 241208
241223 241265
241955 241960
242039 242435
242971 243090
243125 243256
243271 243313
243976 244008
244087 244483
245018 245138
245174 245304
245319 245361
246024 246056
246135 246531
247066 247186
247222 247352
247367 247409
248072 248104
248183 248579
249114 249234
249273 249400
249415 249457
250092 250152
250231 250627
251162 251282
251321 251448
251463 251505
252140 252200
252279 252675
253210 253330
253369 253496
253511 253553
254188 254248
254327 254723
255258 255378
255417 255544
255559 255601
256216 256296
256372 256771
257306 257426
257465 257594
257600 257653
258264 258344
258420 258819
259354 259474
259513 259643
259648 259701
260312 260392
260468 260867
261402 261522
261561 261691
261696 261749
262360 262440
262516 262915
263450 263567
263609 263739
263744 263796
264391 264488
264564 264963
265498 265615
265657 265844
266439 266536
266612 267011
267546 267663
267705 267892
268487 268584
268660 269059
269594 269711
269753 269940
270509 270632
270704 271107
271642 271759
271801 271992
272557 272680
272752 273155
273690 273807
273849 274040
274605 274728
274800 275203
275738 275855
275897 276088
276632 276776
276848 277251
277787 277903
277945 278136
278680 278824
278896 279299
279835 279951
279993 280184
280728 280872
280944 281347
281883 281999
282041 282232
282773 282920
282992 283395
283931 284047
284093 284280
284780 284780
284784 284968
285040 285444
285979 286095
286141 286328
286832 287016
287088 287492
288027 288143
288189 288376
288880 289064
289136 289539
290075 290192
290237 290424
290901 291112
291181 291587
292123 292240
292284 292472
292490 292495
292949 293160
293229 293635
294171 294288
294332 294520
294538 294543
294997 295208
295277 295683
296219 296336
296380 296568
296586 296591
297045 297256
297325 297546
297554 297731
298267 298384
298425 298545
298550 298616
298634 298639
299076 299304
299372 299594
299602 299783
300314 300432
300473 300593
300598 300664
300679 300691
301124 301352
301420 301642
301650 301831
302362 302480
302521 302641
302646 302712
302727 302739
303172 303400
303466 303690
303698 303879
304410 304528
304569 304689
304697 304760
304775 304787
305206 305448
305514 305738
305746 305927
306455 306576
306617 306737
306745 306808
306816 306841
307254 307496
307562 307786
307794 307975
308503 308624
308665 308785
308793 308856
308864 308889
309302 309544
309610 309834
309842 310023
310551 310672
310713 310833
310841 310904
310912 310937
311337 311592
311658 311882
311890 312071
312599 312720
312761 312881
312892 312952
312957 312989
313385 313640
313706 313930
313938 314119
314647 314768
314809 314929
314940 315000
315005 315037
315433 315688
315754 315978
315986 316167
316695 316816
316857 316977
316988 317048
317053 317085
317481 317736
317802 318026
318038 318215
318743 318829
318858 318863
318905 319025
319040 319096
319101 319133
319522 319784
319846 320074
320086 320263
320791 320877
320906 320911
320953 321076
321088 321188
321570 321832
321894 322122
322134 322311
322839 322925
322954 322959
323001 323124
323136 323236
323617 323880
323942 324170
324182 324359
324887 324973
325002 325007
325049 325172
325187 325284
325656 325928
325990 326218
326230 326407
326932 327021
327047 327058
327097 327220
327235 327335
327704 327976
328038 328266
328278 328455
328980 329069
329095 329106
329145 329268
329283 329383
329752 330024
330086 330314
330326 330503
331028 331117
331143 331154
331193 331316
331331 331431
331790 332072
332131 332358
332374 332551
333072 333168
333187 333209
333245 333253
333278 333364
333383 333482
333838 334120
334179 334406
334422 334599
335120 335216
335235 335257
335293 335301
335326 335412
335431 335530
335886 336168
336227 336454
336470 336647
337168 337264
337283 337305
337341 337349
337374 337460
337479 337578
337934 338216
338275 338502
338521 338695
339216 339312
339331 339353
339389 339397
339422 339508
339530 339626
339975 340264
340323 340551
340569 340743
341264 341364
341376 341401
341437 341448
341470 341560
341578 341678
342023 342312
342371 342599
342601 342601
342617 342791
343312 343412
343424 343449
343485 343496
343518 343608
343626 343726
344071 344360
344419 344647
344665 344839
345364 345460
345472 345497
345533 345544
345566 345656
345678 345774
346119 346408
346463 346695
346713 346887
347412 347545
347574 347596
347611 347707
347726 347822
348167 348456
348511 348743
348761 348935
349460 349593
349622 349644
349659 349755
349774 349870
350215 350504
350559 350791
350809 350983
351508 351641
351670 351692
351707 351803
351822 351918
352263 352552
352607 352839
352861 353031
353559 353635
353644 353689
353718 353740
353755 353851
353853 353853
353870 353966
354311 354600
354655 354887
354909 355079
355607 355683
355692 355740
355762 355794
355800 355900
355918 356017
356359 356648
356703 356934
356957 357127
357655 357731
357740 357788
357810 357842
357848 357948
357966 358065
358411 358692
358751 358979
359005 359175
359707 359776
359788 359836
359852 359853
359858 359890
359896 359992
359996 359996
360016 360022
360034 360113
360459 360740
360796 361027
361053 361223
361755 361824
361833 361834
361836 362040
362064 362070
362082 362161
362507 362788
362844 363075
363101 363271
363803 363872
363880 363882
363884 364088
364112 364118
364130 364209
364555 364836
364892 365123
365149 365319
365851 365913
365932 366052
366056 366129
366164 366165
366178 366257
366603 366884
366940 367171
367196 367367
367901 367961
367976 368089
368104 368177
368223 368305
368651 368932
368988 369219
369244 369415
369949 370009
370024 370137
370152 370225
370271 370353
370699 370980
371036 371267
371292 371463
371997 372057
372072 372185
372200 372273
372319 372401
372747 373028
373084 373315
373341 373511
374049 374101
374120 374233
374252 374317
374367 374449
374794 375076
375129 375363
375389 375559
376097 376149
376168 376281
376300 376365
376415 376497
376842 377124
377177 377411
377437 377607
378145 378197
378216 378329
378348 378413
378463 378545
378891 379172
379225 379459
379485 379655
380203 380242
380264 380377
380403 380461
380511 380593
380939 381220
381273 381507
381532 381703
382251 382290
382312 382425
382451 382509
382555 382641
382987 383268
383321 383555
383580 383751
384299 384338
384360 384473
384499 384557
384603 384689
385035 385316
385369 385603
385628 385799
386347 386386
386408 386521
386547 386605
386651 386737
387083 387364
387413 387651
387677 387850
388412 388431
388453 388573
388598 388650
388699 388783
389131 389412
389461 389699
389725 389898
390460 390479
390501 390621
390646 390698
390747 390831
391179 391460
391509 391747
391773 391946
392508 392527
392549 392669
392694 392746
392795 392879
393230 393508
393557 393792
393821 393994
394566 394575
394597 394717
394745 394794
394843 394926
395278 395556
395605 395840
395869 396042
396614 396623
396645 396768
396793 396849
396891 396974
397326 397604
397653 397888
397917 398090
398662 398671
398693 398816
398841 398897
398939 399022
399374 399652
399701 399936
399968 400138
400741 400864
400893 400945
400987 400995
401007 401070
401422 401700
401745 401984
402016 402186
402789 402919
402941 402996
403035 403043
403055 403118
403470 403748
403793 404032
404064 404234
404837 404967
404989 405044
405083 405091
405103 405166
405518 405796
405841 406080
406112 406282
406885 407015
407037 407092
407131 407139
407151 407214
407566 407844
407887 408128
408160 408330
408933 409066
409085 409093
409105 409140
409179 409187
409199 409262
409613 409892
409935 410176
410208 410378
410977 411114
411133 411141
411153 411192
411227 411236
411249 411310
411661 411940
411983 412224
412256 412426
413025 413162
413181 413189
413201 413240
413275 413283
413297 413358
413710 413988
414031 414272
414304 414474
415073 415210
415249 415288
415299 415301
415323 415331
415347 415406
415758 416036
416079 416320
416351 416522
417118 417265
417290 417356
417374 417379
417395 417454
417806 418084
418127 418368
418399 418570
419166 419313
419338 419404
419422 419427
419443 419502
419857 420129
420175 420416
420447 420618
421214 421361
421386 421452
421471 421475
421491 421550
421905 422177
422223 422464
422496 422666
423259 423409
423427 423503
423519 423523
423535 423598
423953 424225
424271 424512
424544 424714
425307 425457
425475 425551
425567 425571
425583 425646
426001 426273
426319 426560
426592 426762
427355 427505
427523 427599
427615 427619
427631 427694
428049 428321
428367 428608
428639 428810
429403 429553
429571 429647
429663 429667
429679 429742
430097 430369
430411 430656
430687 430858
431451 431601
431609 431695
431711 431790
432145 432417
432459 432704
432736 432906
433499 433649
433657 433743
433759 433838
434193 434465
434507 434752
434787 434954
435547 435697
435705 435791
435810 435886
436241 436513
436555 436800
436835 437002
437595 437843
437858 437934
438289 438561
438603 438848
438883 439050
439643 439891
439906 439982
440337 440609
440651 440896
440931 441098
441691 441939
441954 442030
442385 442657
442696 442944
442979 443146
443715 443717
443739 443993
444002 444078
444433 444705
444744 444992
445027 445194
445763 445765
445787 446041
446050 446126
446481 446753
446792 447040
447075 447242
447811 447813
447835 448089
448098 448174
448529 448801
448840 449088
449123 449290
449859 449861
449883 450137
450146 450222
450577 450849
450888 451136
451171 451338
451904 451912
451931 452270
452625 452897
452936 453184
453219 453386
453952 453960
453979 454318
454677 454945
454984 455232
455271 455434
456000 456008
456027 456366
456725 456993
457028 457280
457319 457482
458044 458059
458075 458414
458773 459041
459076 459328
459367 459530
460092 460107
460123 460462
460821 461089
461124 461376
461415 461578
462140 462155
462171 462510
462869 463133
463172 463424
463463 463626
464188 464203
464219 464362
464367 464558
464917 465181
465220 465472
465511 465674
466233 466255
466267 466410
466415 466606
466965 467229
467268 467520
467559 467722
468281 468303
468315 468458
468463 468654
469013 469277
469316 469568
469607 469770
470329 470351
470363 470503
470511 470702
471061 471325
471364 471616
471655 471818
472374 472402
472407 472551
472559 472750
473109 473373
473412 473664
473703 473866
474422 474450
474455 474599
474607 474798
475160 475421
475460 475712
475754 475914
476470 476498
476503 476647
476655 476768
476777 476846
477208 477470
477505 477760
477802 477962
478514 478695
478700 478816
478825 478894
479256 479518
479553 479808
479850 480010
480562 480743
480748 480864
480873 480942
481304 481566
481601 481856
481898 482058
482610 482791
482796 482912
482921 482990
483352 483614
483649 483904
483946 484106
484658 484839
484844 484960
484982 485038
485049 485049
485400 485662
485697 485952
485994 486154
486699 487008
487030 487096
487448 487710
487745 488000
488042 488202
488747 489056
489078 489144
489496 489758
489793 490048
490090 490250
490795 491105
491140 491192
491544 491806
491841 492096
492138 492298
492840 493152
493188 493240
493592 493854
493889 494144
494186 494346
494888 495200
495236 495288
495640 495902
495937 496192
496234 496394
496936 497248
497284 497336
497691 497950
497982 498240
498285 498442
498977 499293
499328 499384
499739 499998
500030 500288
500333 500490
501025 501341
501376 501432
501787 502046
502078 502336
502381 502538
503073 503389
503424 503480
503835 504093
504126 504384
504429 504583
505121 505437
505472 505528
505883 506141
506174 506432
506477 506631
507163 507485
507517 507579
507931 508189
508222 508480
508525 508679
509211 509533
509565 509627
509979 510237
510270 510528
510573 510727
511259 511581
511613 511675
512027 512285
512318 512576
512621 512775
513303 513629
513658 513723
514075 514333
514366 514624
514669 514823
515351 515677
515706 515771
516123 516381
516414 516672
516717 516871
517399 517725
517754 517819
518171 518429
518462 518720
518769 518919
519444 519651
519656 519773
519796 519796
519802 519867
520219 520477
520510 520771
520817 520967
521492 521699
521704 521821
521846 521915
522267 522525
522558 522819
522865 523015
523540 523747
523752 523869
523894 523963
524319 524573
524606 524867
524913 525063
525588 525795
525804 525917
525939 525940
525942 526011
526367 526621
526650 526915
526961 527111
527632 527843
527852 527965
527987 528059
528415 528669
528698 528963
529009 529159
529680 529891
529900 530013
530035 530107
530463 530717
530746 531011
531060 531207
531728 531939
531955 532061
532083 532155
532497 532499
532511 532765
532794 533059
533108 533255
533776 533987
534003 534109
534131 534207
534545 534547
534559 534813
534842 535107
535156 535303
535824 536035
536051 536157
536179 536255
536593 536595
536607 536861
536890 537155
537204 537351
537872 538083
538099 538205
538227 538303
538641 538643
538655 538909
538938 539203
539252 539399
539920 540003
540008 540131
540150 540253
540275 540351
540686 540694
540703 540957
540986 541251
541300 541447
541968 542051
542056 542179
542198 542304
542319 542399
542734 542742
542751 543005
543034 543299
543348 543495
544016 544099
544104 544227
544246 544352
544367 544447
544782 544790
544799 545053
545082 545347
545400 545543
546064 546073
546081 546147
546159 546275
546294 546400
546415 546495
546827 547101
547127 547395
547448 547591
548112 548121
548129 548195
548207 548323
548342 548448
548463 548543
548875 549149
549175 549443
549496 549639
550160 550169
550177 550243
550255 550371
550390 550496
550511 550591
550923 551197
551223 551491
551544 551687
552208 552217
552225 552291
552303 552419
552438 552544
552559 552639
552971 553245
553271 553539
553592 553731
554256 554261
554277 554339
554351 554467
554488 554592
554607 554687
555019 555293
555319 555587
555640 555779
556304 556309
556325 556387
556399 556515
556536 556640
556655 556735
557067 557341
557367 557635
557688 557827
558352 558357
558373 558435
558447 558563
558584 558688
558703 558783
559115 559389
559415 559683
559739 559875
560400 560405
560421 560483
560498 560611
560632 560736
560751 560831
561159 561437
561463 561731
561787 561923
562448 562453
562469 562531
562546 562659
562680 562784
562796 562879
563207 563485
563511 563779
563835 563971
564496 564501
564517 564579
564594 564707
564728 564832
564843 564927
565255 565530
565559 565827
565883 566019
566548 566549
566565 566627
566642 566725
566744 566755
566776 566880
566892 566975
567300 567578
567607 567878
567931 568068
568596 568601
568613 568675
568690 568773
568792 568803
568824 568928
568940 569023
569348 569626
569655 569926
569979 570116
570644 570649
570661 570723
570738 570821
570840 570851
570872 570976
570988 571071
571396 571674
571703 571974
572027 572164
572692 572697
572709 572771
572786 572869
572888 572899
572920 573024
573036 573119
573444 573722
573751 574022
574078 574211
574740 574745
574757 574819
574838 574839
574851 574853
574858 574907
574966 575072
575087 575167
575492 575770
575796 576070
576126 576259
576788 576867
576886 576887
576899 576901
576906 576955
577014 577120
577135 577215
577540 577818
577844 578118
578174 578307
578836 578915
578934 578935
578947 578949
578954 579003
579062 579168
579183 579263
579588 579866
579892 580166
580222 580355
580887 580963
581002 581051
581110 581216
581234 581311
581636 581917
581939 582215
582270 582403
582935 583011
583050 583099
583155 583264
583283 583359
583684 583965
583987 584263
584318 584451
584983 585059
585098 585147
585203 585312
585331 585407
585732 586013
586034 586034
586036 586311
586366 586499
587031 587107
587146 587161
587173 587195
587251 587360
587386 587421
587429 587455
587776 588061
588084 588359
588414 588547
589076 589155
589194 589209
589221 589246
589299 589408
589434 589469
589477 589503
589824 590109
590132 590407
590462 590595
591124 591203
591242 591257
591269 591294
591347 591456
591482 591517
591525 591551
591872 592157
592180 592455
592510 592643
593172 593251
593290 593305
593317 593342
593395 593504
593530 593565
593573 593599
593920 594205
594228 594502
594562 594691
595220 595299
595338 595350
595365 595390
595443 595552
595581 595609
595621 595643
595968 596253
596275 596550
596610 596739
597268 597347
597380 597380
597382 597398
597413 597441
597487 597600
597629 597657
597668 597691
598016 598301
598323 598598
598658 598787
599316 599395
599430 599446
599462 599489
599535 599648
599677 599705
599717 599739
600064 600349
600369 600646
600706 600835
601364 601440
601475 601494
601512 601537
601583 601693
601732 601753
601765 601787
602112 602397
602416 602694
602754 602883
603408 603488
603523 603542
603560 603585
603628 603741
603780 603801
603813 603835
604160 604445
604464 604742
604802 604931
605456 605536
605571 605590
605608 605633
605676 605789
605828 605849
605861 605883
606208 606493
606512 606790
606850 606979
607504 607584
607619 607638
607656 607681
607724 607837
607876 607897
607909 607931
608256 608541
608560 608842
608898 609024
609556 609632
609667 609692
609701 609733
609768 609885
609927 609945
609957 609976
610304 610589
610608 610890
610946 611072
611604 611680
611715 611740
611749 611781
611816 611933
611975 611993
612005 612024
612352 612637
612656 612938
612994 613120
613652 613728
613763 613788
613797 613829
613864 613981
614023 614041
614053 614072
614400 614685
614704 614986
615045 615168
615703 615776
615808 615836
615845 615877
615916 616029
616071 616089
616101 616103
616115 616120
616448 616733
616752 617034
617093 617216
617235 617260
617751 617824
617856 617925
617964 618077
618119 618151
618496 618781
618800 619082
619141 619264
619283 619308
619799 619872
619904 619973
620012 620125
620167 620199
620544 620829
620848 621130
621189 621312
621331 621356
621851 621916
621952 622021
622063 622173
622215 622244
622592 622877
622896 623178
623237 623360
623369 623411
623899 623964
623996 624072
624107 624107
624111 624221
624263 624292
624640 624925
624944 625226
625285 625408
625417 625459
625947 626012
626044 626120
626155 626155
626159 626269
626311 626340
626688 626973
626992 627274
627333 627456
627465 627507
627995 628060
628092 628168
628207 628317
628359 628388
628736 628782
628787 629021
629040 629322
629381 629504
629513 629555
630049 630108
630140 630216
630255 630365
630407 630419
630784 630830
630835 631069
631088 631370
631429 631606
632097 632156
632188 632264
632303 632413
632452 632467
632832 632878
632883 633117
633136 633418
633477 633654
634145 634204
634236 634312
634351 634461
634500 634515
634880 634926
634934 635165
635184 635466
635528 635702
636197 636249
636284 636360
636403 636509
636548 636563
636928 636974
636982 637217
637229 637514
637576 637757
638240 638240
638245 638297
638329 638408
638451 638557
638589 638611
638976 639022
639030 639265
639277 639562
639624 639805
640293 640345
640377 640456
640499 640605
640637 640659
641024 641070
641082 641313
641325 641610
641672 641853
642342 642342
642351 642393
642425 642504
642550 642653
642685 642707
643072 643118
643130 643361
643373 643658
643720 643904
644399 644441
644470 644556
644598 644701
644726 644755
645120 645166
645178 645409
645421 645706
645768 645952
646447 646489
646518 646604
646646 646749
646774 646803
647168 647214
647226 647457
647469 647754
647816 648000
648495 648537
648566 648652
648694 648797
648822 648851
649216 649262
649274 649505
649517 649802
649864 649933
649959 650048
650550 650585
650614 650700
650745 650845
650870 650899
651264 651310
651322 651553
651565 651850
651912 651981
651999 651999
652007 652100
652595 652596
652598 652633
652658 652748
652793 652893
652915 652953
653312 653358
653370 653601
653613 653898
653960 654029
654055 654148
654643 654644
654646 654681
654706 654796
654841 654941
654963 655001
655360 655406
655421 655649
655661 655946
656008 656057
656106 656196
656694 656725
656754 656844
656896 656989
657011 657049
657408 657454
657469 657697
657709 657994
658056 658105
658154 658244
658735 658773
658798 658892
658944 659037
659052 659101
659456 659502
659517 659745
659757 660042
660104 660153
660202 660292
660783 660821
660846 660940
660992 661085
661100 661149
661504 661550
661565 661793
661805 662090
662152 662201
662250 662340
662831 662869
662894 662988
663040 663133
663148 663197
663552 663594
663613 663844
663849 664138
664200 664226
664288 664391
664859 664867
664875 664907
664940 665039
665094 665181
665193 665245
665600 665642
665661 665892
665897 666186
666248 666274
666336 666439
666907 666915
666923 666955
666988 667087
667142 667229
667241 667293
667648 667690
667709 667940
667945 668234
668296 668322
668384 668487
668955 668963
668971 669003
669036 669135
669190 669277
669289 669341
669700 669738
669761 669988
670000 670282
670344 670363
670432 670535
671003 671011
671019 671024
671033 671051
671084 671183
671239 671325
671337 671389
671748 671786
671809 672036
672048 672330
672392 672411
672467 672586
673047 673072
673081 673103
673128 673231
673287 673440
673796 673834
673857 674084
674096 674378
674440 674459
674515 674634
675095 675120
675129 675151
675176 675279
675335 675488
675844 675879
675905 676132
676151 676426
676492 676503
676563 676682
677143 677165
677180 677199
677224 677327
677383 677452
677464 677536
677892 677927
677953 678180
678199 678474
678540 678551
678594 678734
679188 679213
679228 679250
679272 679376
679411 679500
679512 679584
679940 679975
680001 680228
680247 680522
680588 680599
680642 680782
681235 681261
681276 681298
681320 681424
681459 681548
681560 681632
681988 682023
682049 682276
682295 682570
682636 682647
682690 682830
683283 683309
683324 683346
683368 683472
683507 683596
683608 683680
684036 684068
684100 684324
684353 684618
684738 684878
685332 685357
685372 685394
685420 685520
685541 685542
685555 685620
685656 685728
686084 686116
686148 686372
686401 686666
686772 686929
687380 687405
687420 687445
687468 687568
687579 687591
687596 687668
687704 687776
688132 688164
688196 688420
688449 688714
688820 688977
689428 689453
689468 689493
689516 689616
689627 689639
689644 689716
689752 689824
690180 690212
690244 690468
690507 690762
690868 691025
691476 691501
691516 691541
691567 691663
691675 691687
691692 691697
691709 691754
691800 691872
692228 692263
692292 692516
692555 692810
692916 693076
693524 693549
693563 693589
693615 693711
693720 693745
693757 693802
693844 693924
694276 694311
694340 694564
694603 694858
694964 695124
695572 695597
695609 695637
695663 695759
695768 695793
695805 695850
695892 695972
696324 696359
696391 696612
696658 696906
697012 697172
697620 697645
697657 697685
697711 697807
697816 697837
697856 697891
697940 698020
698372 698410
698439 698661
698709 698954
699057 699224
699668 699737
699762 699855
699860 699885
699904 699939
699985 700068
700420 700458
700487 700709
700757 701002
701105 701272
701716 701785
701810 701903
701908 701933
701952 701987
702033 702116
702468 702506
702535 702757
702805 703050
703153 703320
703764 703833
703858 703951
703956 703981
704000 704035
704081 704164
704516 704554
704583 704804
704863 705098
705204 705368
705812 705881
705910 705999
706004 706029
706048 706073
706129 706212
706560 706602
706631 706852
706911 707146
707252 707419
707856 707932
707958 708080
708096 708121
708177 708260
708608 708650
708679 708900
708959 709194
709300 709467
709904 709980
710006 710128
710144 710169
710225 710308
710656 710698
710731 710948
711024 711242
711355 711515
711952 712028
712057 712176
712192 712214
712273 712356
712704 712750
712779 712996
713072 713290
713403 713567
714000 714076
714105 714224
714237 714262
714318 714404
714752 714798
714827 715044
715120 715338
715451 715615
716048 716124
716153 716274
716285 716310
716366 716452
716800 716846
716875 717092
717168 717386
717499 717663
718096 718172
718201 718321
718323 718323
718333 718358
718414 718500
718848 718894
718923 719140
719240 719434
719547 719711
720144 720224
720252 720332
720337 720406
720462 720548
720896 720942
720971 721188
721288 721482
721595 721759
722192 722272
722300 722380
722385 722454
722510 722596
722944 722990
723019 723236
723336 723530
723643 723807
724240 724320
724348 724428
724433 724502
724558 724644
724992 725038
725067 725284
725420 725578
725694 725855
726288 726368
726400 726465
726481 726550
726606 726611
726619 726692
727040 727086
727115 727332
727469 727626
727742 727903
728336 728419
728448 728513
728529 728601
728653 728659
728667 728740
729088 729134
729163 729380
729517 729674
729790 729951
730384 730467
730496 730561
730577 730649
730701 730707
730716 730788
731136 731182
731214 731425
731592 731594
731599 731722
731842 731999
732432 732515
732547 732549
732554 732603
732625 732697
732746 732751
732767 732836
733184 733230
733262 733473
733647 733770
733890 734047
734480 734566
734605 734651
734673 734749
734794 734799
734815 734884
735232 735278
735310 735521
735695 735818
735938 736095
736528 736614
736653 736699
736721 736797
736842 736847
736863 736932
737280 737326
737358 737569
737743 737866
737986 738143
738576 738662
738701 738747
738769 738845
738890 738895
738911 738980
739328 739374
739406 739617
739807 739807
739810 739914
740034 740187
740624 740710
740749 740785
740817 740893
740938 740943
740962 741028
741376 741422
741454 741665
741859 741962
742082 742235
742672 742758
742797 742833
742865 742944
742986 742991
743010 743076
743424 743470
743502 743713
743907 744010
744130 744283
744720 744806
744845 744881
744913 744992
745034 745039
745058 745124
745472 745518
745553 745761
745972 746058
746181 746328
746768 746854
746893 746918
746961 747040
747086 747087
747106 747172
747520 747566
747601 747809
748020 748106
748229 748376
748816 748906
748938 748966
749009 749091
749134 749139
749151 749220
749568 749614
749649 749857
750068 750154
750277 750424
750864 750954
750986 751014
751057 751139
751182 751187
751199 751268
751616 751658
751697 751905
752133 752202
752325 752468
752912 753002
753034 753049
753058 753062
753105 753187
753230 753235
753247 753316
753664 753706
753745 753953
754184 754250
754373 754516
754960 755053
755079 755097
755106 755114
755119 755124
755152 755239
755278 755364
755712 755754
755793 756001
756232 756298
756421 756564
757008 757101
757127 757145
757154 757162
757167 757172
757200 757287
757326 757412
757760 757802
757841 758049
758280 758346
758469 758612
759056 759149
759175 759193
759202 759210
759215 759220
759248 759335
759374 759460
759808 759850
759889 760097
760351 760394
760517 760660
761104 761197
761223 761238
761253 761258
761263 761268
761293 761383
761425 761508
761856 761898
761937 762145
762399 762442
762565 762708
763152 763245
763267 763286
763301 763323
763341 763431
763473 763556
763904 763946
763985 764193
764447 764490
764613 764756
765200 765293
765315 765334
765349 765371
765389 765479
765521 765604
765952 765994
766037 766241
766526 766538
766661 766801
767248 767341
767363 767382
767397 767419
767437 767527
767569 767652
768000 768043
768085 768292
768577 768586
768709 768849
769296 769392
769408 769430
769445 769467
769485 769578
769617 769697
770048 770091
770133 770340
770625 770634
770757 770897
771344 771440
771456 771478
771493 771515
771533 771626
771665 771745
772096 772139
772181 772388
772673 772682
772805 772945
773392 773488
773504 773526
773541 773563
773581 773674
773713 773793
774144 774190
774229 774440
774857 774990
775440 775540
775545 775579
775589 775611
775629 775725
775758 775841
776192 776238
776277 776488
776905 777038
777488 777588
777593 777627
777637 777659
777677 777773
777806 777889
778240 778286
778325 778536
778953 779086
779536 779636
779641 779676
779685 779707
779725 779821
779854 779937
780288 780334
780373 780584
781001 781134
781584 781684
781689 781724
781733 781755
781773 781869
781902 781985
782336 782382
782421 782632
783049 783182
783632 783806
783821 783921
783950 784033
784384 784430
784469 784680
785097 785230
785680 785854
785869 785969
785998 786081
786432 786478
786520 786724
787145 787274
787728 787902
787917 788017
788046 788132
788480 788526
788568 788772
789192 789322
789776 789950
789965 790065
790094 790180
790528 790574
790616 790820
791240 791370
791824 791998
792013 792113
792142 792228
792576 792622
792664 792868
793288 793418
793872 794046
794061 794161
794190 794276
794628 794670
794712 794916
795336 795463
795920 796094
796109 796205
796238 796324
796676 796718
796760 796964
797384 797511
797968 798142
798157 798253
798286 798372
798724 798766
798808 799012
799432 799559
800016 800190
800205 800301
800334 800420
800772 800810
800856 801060
801481 801607
802064 802238
802253 802349
802382 802468
802820 802858
802904 803108
803529 803655
804112 804286
804301 804397
804429 804516
804868 804906
804952 805156
805577 805703
806160 806334
806349 806445
806477 806564
806916 806951
807001 807201
807625 807748
808208 808291
808300 808382
808397 808490
808532 808612
808967 808999
809051 809249
809673 809796
810256 810339
810348 810430
810445 810538
810580 810660
811015 811047
811099 811297
811721 811844
812304 812387
812396 812478
812493 812586
812628 812708
813063 813095
813147 813345
813769 813892
814352 814435
814444 814526
814541 814634
814676 814756
815111 815140
815195 815393
815817 815940
816400 816480
816495 816574
816589 816679
816730 816804
817159 817188
817243 817441
817865 817988
818448 818528
818543 818622
818637 818727
818779 818852
819207 819236
819292 819489
819913 820036
820496 820576
820591 820670
820685 820775
820827 820900
821259 821277
821343 821537
821961 822080
822544 822620
822639 822718
822733 822819
822885 822944
823307 823325
823391 823585
824005 824128
824592 824668
824687 824763
824781 824867
824933 824992
825355 825373
825439 825633
826053 826176
826640 826716
826735 826811
826829 826915
826981 827040
827403 827421
827487 827681
828101 828224
828688 828764
828783 828859
828877 828963
829029 829088
829447 829469
829538 829725
830149 830272
830736 830805
830831 830907
830925 831008
831495 831517
831586 831773
832197 832320
832784 832853
832879 832955
832973 833056
833543 833565
833634 833821
834245 834368
834832 834901
834927 835003
835021 835104
835591 835613
835682 835869
836293 836413
836880 836922
836931 836940
836978 837051
837069 837149
837636 837668
837730 837917
838338 838461
838928 838968
838979 838988
839026 839099
839117 839197
839684 839716
839778 839965
840386 840509
840976 841016
841027 841036
841074 841147
841165 841245
841732 841764
841830 842013
842434 842557
843031 843033
843038 843039
843081 843083
843122 843195
843213 843226
843250 843253
843261 843286
843776 843818
843878 844061
844482 844605
845170 845243
845261 845271
845309 845334
845824 845866
845926 846109
846530 846653
847218 847291
847309 847319
847357 847382
847872 847914
847974 848157
848578 848701
849266 849339
849357 849367
849405 849430
849920 849962
850022 850205
850626 850749
851318 851388
851968 852014
852070 852253
852674 852797
853366 853435
854016 854062
854118 854301
854722 854845
855414 855483
856064 856106
856166 856346
856770 856893
857465 857531
858112 858154
858214 858394
858814 858941
859513 859579
860160 860202
860262 860442
860862 860989
861561 861627
862208 862250
862313 862490
862910 863037
863612 863671
864256 864298
864361 864538
864958 865088
865660 865719
866304 866346
866409 866586
867006 867136
867708 867767
868352 868394
868457 868634
869054 869184
869756 869815
870400 870442
870505 870682
870684 870684
871102 871232
871811 871863
872448 872490
872553 872730
873148 873148
873150 873284
873859 873911
874496 874538
874601 874778
875198 875332
875907 875959
876544 876586
876652 876826
877246 877380
877959 878007
878592 878638
878700 878874
879149 879164
879294 879431
880007 880055
880640 880686
880748 880922
881197 881212
881342 881479
882055 882103
882688 882734
882796 882970
883245 883260
883390 883527
884103 884151
884736 884782
884844 885018
885290 885318
885435 885578
886784 886830
886892 887066
887338 887366
887483 887626
888832 888878
888940 889114
889386 889414
889531 889674
890880 890926
890992 891162
891434 891462
891579 891722
892928 892974
893040 893210
893479 893527
893627 893770
894976 895022
895088 895258
895527 895575
895675 895818
897024 897066
897136 897306
897575 897623
897723 897866
899072 899114
899184 899354
899619 899675
899771 899918
901120 901162
901232 901402
901667 901723
901819 901966
903168 903210
903280 903450
903715 903771
903867 904014
905216 905255
905331 905498
905763 905819
905915 906062
907264 907303
907379 907546
907808 907873
907963 908113
909312 909351
909427 909594
909856 909921
910011 910161
911360 911399
911475 911639
911904 911969
912059 912209
913408 913447
913523 913687
913948 914028
914104 914257
915456 915495
915571 915735
915996 916076
916152 916305
917504 917543
917617 917617
917619 917783
918044 918124
918200 918353
919552 919591
919667 919831
920092 920178
920248 920404
921600 921639
921715 921879
922140 922226
922296 922452
923648 923687
923763 923927
924188 924274
924344 924500
925700 925735
925815 925975
926236 926322
926392 926548
927748 927783
927863 928023
928281 928378
928440 928600
929796 929831
929911 930071
930329 930426
930488 930648
931847 931879
931959 932119
932377 932474
932536 932696
933895 933927
934007 934167
934422 934531
934580 934747
935943 935975
936055 936215
936470 936579
936628 936795
937991 938023
938103 938263
938518 938627
938676 938843
940043 940068
940154 940311
940562 940682
940724 940895
942091 942116
942202 942359
942610 942730
942772 942943
944139 944164
944250 944407
944658 944778
944820 944991
946190 946208
946298 946455
946706 946826
946868 947039
948238 948256
948346 948503
948754 948891
948916 949087
950286 950304
950394 950551
950802 950939
950964 951135
952337 952352
952442 952599
952850 952987
953012 953183
954385 954400
954490 954647
954686 954701
954895 955038
955057 955231
956433 956448
956538 956695
956734 956749
956943 957086
957105 957279
958481 958496
958586 958743
958782 958797
958991 959134
959153 959327
960529 960544
960637 960791
960816 960818
960823 960825
960830 960845
961039 961182
961200 961375
962574 962596
962685 962896
963087 963234
963248 963423
964622 964644
964733 964944
965135 965282
965296 965471
966670 966692
966781 966992
967183 967330
967345 967515
968711 968743
968829 969040
969228 969384
969393 969563
970759 970791
970877 971088
971276 971432
971441 971611
972807 972839
972925 973136
973324 973480
973489 973656
974852 974887
974973 975187
975368 975704
976900 976935
977021 977235
977416 977752
978948 978983
979069 979283
979464 979800
980996 981031
981121 981190
981208 981331
981512 981844
983040 983079
983169 983238
983256 983379
983553 983892
985088 985127
985217 985286
985304 985427
985601 985940
987136 987175
987265 987334
987352 987475
987538 987540
987649 987988
989184 989223
989313 989527
989542 989588
989592 989604
989694 990036
991232 991271
991361 991575
991590 991636
991640 991652
991742 992084
993280 993319
993409 993623
993638 993684
993688 993700
993790 994132
995328 995367
995457 995671
995690 995799
995831 996177
997376 997415
997505 997719
997738 997847
997879 998225
999424 999463
999553 999767
999786 999895
999927 1000273
1001472 1001511
1001604 1001815
1001834 1001835
1001840 1001943
1001975 1002318
1003520 1003562
1003652 1003863
1003888 1003994
1004017 1004366
1005568 1005610
1005700 1005911
1005936 1006042
1006065 1006414
1007616 1007658
1007748 1007959
1008005 1008084
1008113 1008320
1008325 1008462
1009664 1009706
1009796 1010007
1010053 1010129
1010157 1010368
1010373 1010510
1011712 1011754
1011844 1012055
1012101 1012177
1012205 1012416
1012421 1012558
1013760 1013802
1013892 1014103
1014149 1014225
1014253 1014464
1014469 1014606
1015808 1015850
1015940 1016151
1016224 1016252
1016301 1016512
1016527 1016650
1017856 1017898
1017985 1018199
1018272 1018300
1018342 1018560
1018575 1018698
1019904 1019946
1020033 1020247
1020320 1020348
1020390 1020608
1020623 1020746
1021952 1021994
1022081 1022295
1022438 1022656
1022678 1022791
1024000 1024042
1024125 1024346
1024483 1024704
1024726 1024839
1026048 1026090
1026173 1026394
1026531 1026752
1026774 1026887
1028096 1028138
1028221 1028442
1028579 1028800
1028825 1028827
1028832 1028935
1030144 1030187
1030269 1030490
1030624 1030848
1030880 1030983
1032192 1032235
1032317 1032538
1032672 1032896
1032928 1033031
1034240 1034283
1034365 1034586
1034720 1034944
1034976 1035079
1036288 1036327
1036410 1036634
1036768 1036989
1037034 1037124
1038336 1038375
1038458 1038686
1038812 1039037
1039082 1039172
1040384 1040423
1040506 1040734
1040860 1041085
1041130 1041220
1042432 1042471
1042554 1042782
1042908 1043133
1043192 1043264
1044480 1044519
1044602 1044830
1044950 1045181
1045240 1045312
1046528 1046567
1046650 1046878
1046998 1047229
1047288 1047360
1048576 1048615
1048698 1048926
1049046 1049277
1049336 1049408
1050624 1050660
1050746 1050974
1051090 1051325
1051390 1051453
1052672 1052708
1052794 1053022
1053138 1053373
1053438 1053501
1054720 1054756
1054842 1055070
1055186 1055421
1055486 1055549
1056772 1056797
1056890 1057118
1057234 1057465
1057538 1057539
1057541 1057593
1058820 1058845
1058937 1059169
1059279 1059513
1059589 1059641
1060868 1060893
1060985 1061217
1061327 1061561
1061637 1061689
1062916 1062938
1063034 1063251
1063255 1063265
1063375 1063609
1063689 1063694
1063699 1063731
1063736 1063737
1064964 1064986
1065025 1065050
1065082 1065299
1065304 1065313
1065419 1065657
1065747 1065779
1067012 1067034
1067073 1067098
1067130 1067348
1067352 1067361
1067467 1067705
1067795 1067827
1069060 1069082
1069121 1069146
1069178 1069396
1069400 1069409
1069515 1069753
1069843 1069875
1071115 1071130
1071169 1071194
1071226 1071443
1071449 1071457
1071563 1071801
1071911 1071913
1073163 1073178
1073213 1073252
1073274 1073491
1073497 1073508
1073608 1073849
1073959 1073961
1075211 1075226
1075261 1075300
1075322 1075539
1075545 1075556
1075656 1075897
1076007 1076009
1077259 1077274
1077309 1077348
1077370 1077587
1077593 1077604
1077704 1077945
1079307 1079322
1079357 1079399
1079415 1079636
1079640 1079652
1079749 1079993
1080035 1080047
1081355 1081370
1081405 1081447
1081463 1081684
1081688 1081700
1081797 1082041
1082083 1082095
1083403 1083418
1083453 1083495
1083511 1083732
1083740 1083748
1083845 1084088
1084131 1084143
1085447 1085466
1085498 1085547
1085555 1085783
1085788 1085800
1085889 1086134
1086176 1086205
1087495 1087514
1087546 1087595
1087603 1087831
1087836 1087848
1087937 1088182
1088224 1088253
1089543 1089562
1089594 1089643
1089651 1089879
1089884 1089896
1089985 1090230
1090272 1090301
1091591 1091612
1091642 1091691
1091699 1091927
1091932 1091940
1092033 1092278
1092320 1092349
1092357 1092359
1093636 1093661
1093690 1093988
1094078 1094326
1094368 1094407
1095684 1095709
1095738 1096036
1096126 1096374
1096416 1096455
1097732 1097757
1097786 1098084
1098174 1098422
1098464 1098503
1099776 1099808
1099834 1100132
1100219 1100470
1100512 1100564
1101824 1101856
1101882 1102180
1102267 1102518
1102560 1102612
1103872 1103904
1103930 1104228
1104315 1104566
1104608 1104660
1105920 1105956
1105978 1106276
1106359 1106614
1106656 1106725
1106751 1106772
1107968 1108004
1108026 1108324
1108407 1108662
1108704 1108773
1108799 1108820
1110016 1110052
1110074 1110372
1110455 1110710
1110752 1110821
1110847 1110868
1112064 1112100
1112122 1112420
1112503 1112757
1112800 1112869
1112895 1112916
1114112 1114151
1114170 1114468
1114551 1114803
1114848 1114968
1116160 1116199
1116218 1116516
1116599 1116851
1116896 1117016
1118208 1118248
1118266 1118564
1118647 1118899
1118942 1118942
1118944 1119064
1120256 1120298
1120310 1120612
1120692 1120947
1120992 1121112
1122304 1122346
1122358 1122660
1122740 1122995
1123040 1123160
1124352 1124395
1124406 1124708
1124788 1125043
1125088 1125208
1126400 1126443
1126454 1126756
1126836 1127094
1127136 1127256
1128448 1128491
1128502 1128804
1128880 1129142
1129181 1129304
1130496 1130539
1130550 1130852
1130928 1131190
1131229 1131352
1132544 1132586
1132598 1132735
1132747 1132900
1132976 1133238
1133277 1133400
1134592 1134634
1134646 1134783
1134795 1134948
1135024 1135286
1135325 1135448
1136640 1136682
1136694 1136831
1136843 1136996
1137072 1137334
1137373 1137496
1138688 1138730
1138742 1138879
1138891 1139044
1139120 1139382
1139421 1139544
1140736 1140778
1140790 1140927
1140939 1141092
1141168 1141430
1141469 1141592
1142784 1142826
1142838 1142975
1142987 1143140
1143216 1143478
1143517 1143640
1144832 1144874
1144886 1145023
1145035 1145188
1145264 1145526
1145565 1145688
1146880 1146922
1146934 1147071
1147083 1147236
1147316 1147574
1147613 1147736
1148928 1148970
1148982 1149119
1149131 1149284
1149364 1149622
1149657 1149787
1150976 1151018
1151030 1151167
1151179 1151332
1151412 1151670
1151705 1151835
1153024 1153066
1153078 1153215
1153227 1153380
1153467 1153718
1153753 1153883
1155072 1155114
1155126 1155428
1155515 1155769
1155801 1155931
1157120 1157162
1157174 1157476
1157563 1157817
1157849 1157979
1159168 1159210
1159222 1159524
1159611 1159865
1159897 1160027
1161216 1161255
1161270 1161572
1161665 1161913
1161945 1162075
1163264 1163303
1163318 1163620
1163713 1163961
1163993 1164123
1165312 1165351
1165366 1165668
1165761 1166009
1166041 1166171
1167360 1167399
1167414 1167716
1167816 1168057
1168089 1168219
1169408 1169447
1169462 1169764
1169864 1170105
1170134 1170267
1171456 1171495
1171510 1171812
1171912 1172153
1172182 1172315
1173504 1173543
1173558 1173860
1173963 1174201
1174230 1174364
1175552 1175591
1175606 1175912
1176011 1176249
1176278 1176411
1177600 1177639
1177654 1177960
1178059 1178297
1178326 1178459
1179648 1179687
1179702 1180008
1180107 1180345
1180374 1180507
1181700 1181735
1181750 1182056
1182159 1182393
1182422 1182555
1183748 1183783
1183798 1184104
1184207 1184445
1184470 1184603
1185796 1185831
1185846 1186152
1186255 1186493
1186518 1186651
1187851 1187876
1187898 1188200
1188306 1188541
1188566 1188699
1189899 1189924
1189946 1190248
1190354 1190589
1190610 1190747
1191947 1191972
1191994 1192296
1192402 1192637
1192658 1192795
1193998 1194016
1194048 1194057
1194072 1194344
1194454 1194685
1194707 1194843
1196046 1196064
1196120 1196392
1196502 1196733
1196755 1196891
1198094 1198112
1198168 1198440
1198550 1198781
1198803 1198939
1200142 1200160
1200216 1200488
1200598 1200829
1200851 1200987
1202190 1202205
1202271 1202536
1202649 1202878
1202899 1203035
1204235 1204253
1204319 1204584
1204697 1204925
1204943 1205083
1206283 1206301
1206367 1206632
1206745 1206973
1206991 1207131
1208331 1208349
1208418 1208680
1208793 1209021
1209039 1209179
1210372 1210397
1210466 1210728
1210841 1211069
1211087 1211231
1212420 1212445
1212514 1212776
1212889 1213117
1213135 1213279
1214468 1214493
1214562 1214824
1214937 1215165
1215183 1215327
1216512 1216544
1216614 1216872
1216985 1217213
1217228 1217375
1218560 1218592
1218662 1218920
1219033 1219261
1219276 1219423
1220608 1220640
1220710 1220968
1221081 1221309
1221324 1221471
1222656 1222688
1222758 1222958
1222970 1223016
1223129 1223357
1223372 1223519
1224704 1224736
1224806 1225006
1225018 1225064
1225177 1225408
1225420 1225567
1226752 1226784
1226854 1227054
1227066 1227112
1227225 1227456
1227468 1227615
1228800 1228832
1228905 1229102
1229114 1229160
1229273 1229504
1229516 1229663
1230848 1230884
1230953 1231150
1231162 1231208
1231321 1231552
1231561 1231711
1232896 1232932
1233001 1233198
1233210 1233256
1233369 1233600
1233609 1233759
1234944 1234980
1235049 1235246
1235258 1235304
1235417 1235648
1235657 1235807
1236992 1237028
1237097 1237294
1237306 1237352
1237465 1237696
1237705 1237855
1239040 1239079
1239144 1239342
1239354 1239400
1239510 1239745
1239753 1239903
1241088 1241127
1241192 1241390
1241402 1241448
1241558 1241793
1241801 1241951
1243136 1243175
1243240 1243438
1243450 1243496
1243606 1243840
1243849 1243999
1245184 1245223
1245288 1245544
1245650 1245888
1245893 1246047
1247232 1247271
1247336 1247592
1247698 1247936
1247941 1248095
1249280 1249319
1249385 1249640
1249746 1249984
1249989 1250143
1251328 1251367
1251433 1251688
1251791 1252032
1252037 1252191
1253376 1253415
1253481 1253736
1253839 1254080
1254085 1254239
1255424 1255463
1255529 1255784
1255887 1256128
1256133 1256287
1257472 1257511
1257577 1257832
1257935 1258176
1258181 1258335
1259520 1259559
1259625 1259880
1259983 1260383
1261568 1261607
1261673 1261928
1262031 1262431
1263616 1263655
1263721 1263976
1264079 1264479
1265664 1265703
1265769 1266024
1266127 1266527
1267712 1267751
1267817 1268072
1268175 1268575
1269760 1269799
1269865 1270120
1270223 1270623
1271808 1271847
1271913 1272168
1272271 1272671
1273856 1273895
1273961 1274216
1274319 1274719
1275904 1275943
1276009 1276264
1276367 1276767
1277952 1277988
1278057 1278312
1278418 1278815
1280000 1280036
1280102 1280360
1280466 1280863
1282048 1282084
1282150 1282408
1282514 1282911
1284096 1284128
1284198 1284456
1284562 1284959
1286144 1286176
1286246 1286504
1286610 1287007
1288192 1288224
1288294 1288552
1288658 1289055
1290240 1290272
1290342 1290600
1290706 1291103
1292288 1292317
1292390 1292648
1292754 1293151
1294336 1294365
1294434 1294696
1294802 1295199
1296384 1296413
1296482 1296744
1296850 1297247
1298436 1298461
1298530 1298792
1298898 1299295
1300484 1300509
1300575 1300840
1300946 1301343
1302532 1302557
1302623 1302888
1302994 1303391
1304583 1304602
1304671 1304936
1305042 1305439
1306631 1306650
1306709 1306984
1307090 1307487
1308679 1308698
1308757 1309032
1309138 1309535
1310727 1310746
1310794 1310794
1310805 1311080
1311186 1311583
1312779 1312790
1312829 1312838
1312842 1312845
1312853 1313128
1313234 1313631
1314827 1314838
1314874 1315176
1315279 1315679
1316875 1316886
1316922 1317224
1317327 1317727
1318923 1318934
1318970 1319272
1319375 1319775
1320971 1320982
1321018 1321320
1321423 1321823
1323019 1323030
1323066 1323368
1323471 1323871
1325067 1325078
1325114 1325416
1325519 1325919
1327111 1327130
1327162 1327464
1327563 1327967
1329159 1329178
1329210 1329512
1329611 1330015
1331207 1331226
1331258 1331560
1331659 1332063
1333255 1333274
1333306 1333442
1333454 1333608
1333707 1334111
1335300 1335325
1335354 1335490
1335502 1335656
1335755 1336159
1337348 1337373
1337402 1337538
1337550 1337704
1337803 1338207
1339396 1339421
1339450 1339586
1339598 1339752
1339858 1340255
1341440 1341469
1341498 1341634
1341646 1341800
1341906 1342303
1343488 1343517
1343546 1343682
1343694 1343848
1343954 1344351
1345536 1345565
1345594 1345730
1345742 1345896
1346002 1346399
1347584 1347613
1347642 1347778
1347790 1347944
1348054 1348447
1349632 1349664
1349690 1349826
1349838 1349992
1350102 1350495
1351680 1351712
1351738 1351874
1351886 1352040
1352150 1352543
1353728 1353760
1353786 1353922
1353934 1354088
1354204 1354381
1354407 1354591
1355776 1355812
1355834 1356136
1356252 1356429
1356455 1356639
1357824 1357860
1357882 1358184
1358300 1358477
1358503 1358687
1359872 1359908
1359933 1360232
1360352 1360519
1360523 1360524
1360561 1360735
1361920 1361959
1361981 1362280
1362400 1362567
1362609 1362783
1363968 1364007
1364029 1364328
1364448 1364615
1364657 1364831
1366016 1366055
1366077 1366376
1366496 1366663
1366705 1366879
1368064 1368103
1368125 1368411
1368415 1368424
1368547 1368707
1368756 1368927
1370112 1370151
1370173 1370459
1370463 1370475
1370595 1370755
1370804 1370975
1372160 1372199
1372221 1372507
1372511 1372523
1372643 1372803
1372852 1373023
1374208 1374247
1374269 1374554
1374556 1374571
1374691 1374851
1374900 1375071
1376256 1376295
1376317 1376602
1376607 1376619
1376739 1376899
1376948 1377119
1378304 1378343
1378365 1378650
1378655 1378667
1378787 1378947
1378996 1379167
1380352 1380391
1380413 1380698
1380703 1380715
1380835 1380995
1381044 1381215
1382400 1382439
1382461 1382747
1382751 1382763
1382886 1383040
1383092 1383263
1384448 1384487
1384509 1384795
1384799 1384811
1384934 1385088
1385140 1385311
1386496 1386535
1386557 1386843
1386847 1386859
1386982 1387136
1387188 1387359
1388544 1388583
1388605 1388890
1388895 1388904
1388906 1388907
1389034 1389184
1389236 1389407
1390592 1390631
1390653 1390938
1390943 1390952
1391082 1391232
1391284 1391455
1392640 1392679
1392701 1392986
1392991 1393000
1393002 1393002
1393130 1393280
1393332 1393503
1394688 1394727
1394749 1395034
1395039 1395048
1395181 1395324
1395380 1395551
1396736 1396775
1396797 1397082
1397087 1397096
1397229 1397372
1397428 1397599
1398784 1398823
1398845 1399130
1399135 1399144
1399277 1399420
1399476 1399647
1400832 1400871
1400893 1401179
1401183 1401192
1401325 1401468
1401524 1401695
1402880 1402916
1402945 1403240
1403373 1403516
1403572 1403743
1404928 1404964
1404993 1405288
1405414 1405564
1405620 1405791
1406976 1407012
1407041 1407336
1407462 1407612
1407668 1407839
1409024 1409056
1409089 1409137
1409149 1409384
1409510 1409657
1409716 1409887
1411072 1411104
1411137 1411185
1411197 1411435
1411552 1411705
1411761 1411935
1413120 1413152
1413185 1413233
1413245 1413483
1413600 1413753
1413809 1413983
1415168 1415200
1415233 1415278
1415297 1415531
1415648 1415794
1415857 1416031
1417216 1417248
1417281 1417326
1417345 1417579
1417686 1417842
1417905 1418079
1419264 1419296
1419329 1419374
1419393 1419627
1419734 1419890
1419953 1420127
1421312 1421344
1421377 1421422
1421441 1421675
1421782 1421938
1422001 1422175
1423364 1423389
1423427 1423467
1423489 1423723
1423830 1423868
1423890 1423980
1424049 1424223
1425412 1425437
1425475 1425515
1425537 1425774
1425864 1425916
1425938 1426028
1426094 1426271
1427460 1427485
1427523 1427563
1427585 1427822
1427912 1427964
1427986 1428076
1428142 1428319
1429511 1429533
1429571 1429604
1429633 1429870
1429960 1430012
1430041 1430120
1430190 1430367
1431559 1431582
1431619 1431652
1431681 1431925
1431995 1432060
1432089 1432168
1432238 1432415
1433607 1433630
1433667 1433700
1433729 1433973
1434043 1434108
1434137 1434216
1434286 1434463
1435655 1435678
1435716 1435748
1435777 1436021
1436026 1436026
1436091 1436156
1436185 1436264
1436334 1436511
1437700 1437726
1437825 1438076
1438128 1438204
1438236 1438312
1438382 1438559
1439748 1439774
1439873 1440124
1440176 1440252
1440284 1440360
1440430 1440607
1441796 1441822
1441921 1442172
1442224 1442300
1442332 1442408
1442478 1442655
1443844 1443869
1443969 1444220
1444272 1444348
1444387 1444456
1444526 1444703
1445888 1445917
1446017 1446275
1446310 1446400
1446435 1446504
1446570 1446751
1447936 1447965
1448065 1448323
1448358 1448448
1448483 1448552
1448618 1448799
1449984 1450013
1450116 1450371
1450406 1450496
1450531 1450597
1450666 1450847
1452032 1452064
1452164 1452432
1452441 1452544
1452579 1452645
1452714 1452895
1454080 1454112
1454212 1454480
1454489 1454592
1454627 1454693
1454762 1454943
1456128 1456160
1456260 1456528
1456537 1456640
1456675 1456741
1456810 1456991
1458176 1458208
1458308 1458576
1458585 1458688
1458727 1458752
1458777 1458789
1458858 1459039
1460224 1460257
1460356 1460740
1460775 1460800
1460825 1460837
1460906 1461087
1462272 1462305
1462404 1462788
1462823 1462848
1462873 1462885
1462954 1463135
1464320 1464352
1464455 1464835
1464874 1464875
1465002 1465179
1466368 1466400
1466503 1466883
1466922 1466923
1467047 1467227
1468416 1468448
1468551 1468931
1468970 1468971
1469095 1469275
1470464 1470496
1470599 1470611
1470620 1470979
1471143 1471323
1472512 1472544
1472647 1472659
1472668 1473027
1473191 1473371
1474560 1474592
1474695 1474707
1474716 1475075
1475239 1475419
1476608 1476640
1476743 1476755
1476764 1477123
1477287 1477467
1478656 1478688
1478818 1479171
1479335 1479515
1480704 1480736
1480866 1481222
1481379 1481563
1482752 1482784
1482914 1483270
1483427 1483611
1484800 1484832
1484966 1485318
1485475 1485659
1486848 1486880
1487014 1487366
1487523 1487707
1488896 1488928
1489062 1489414
1489571 1489755
1490944 1490976
1491110 1491462
1491619 1491803
1492992 1493024
1493161 1493163
1493215 1493510
1493664 1493851
1495040 1495072
1495209 1495211
1495263 1495558
1495712 1495899
1497088 1497120
1497257 1497259
1497311 1497606
1497760 1497947
1499136 1499168
1499379 1499385
1499389 1499391
1499400 1499654
1499808 1499995
1501184 1501217
1501448 1501706
1501856 1502043
1503232 1503264
1503496 1503754
1503904 1504091
1505280 1505309
1505547 1505549
1505554 1505556
1505561 1505579
1505611 1505802
1505952 1506139
1507328 1507357
1507609 1507627
1507659 1507850
1508000 1508187
1509376 1509405
1509657 1509675
1509707 1509898
1510048 1510235
1511424 1511453
1511705 1511723
1511755 1511946
1512096 1512283
1513476 1513501
1513813 1513994
1514144 1514331
1515524 1515549
1515861 1516042
1516189 1516379
1517572 1517597
1517909 1518090
1518237 1518427
1519627 1519642
1519957 1520138
1520285 1520475
1521675 1521690
1522005 1522189
1522333 1522523
1523723 1523738
1524053 1524237
1524381 1524571
1525781 1525786
1526101 1526285
1526429 1526619
1527829 1527834
1528146 1528333
1528476 1528667
1529877 1529882
1530194 1530381
1530524 1530715
1531925 1531930
1532242 1532429
1532572 1532763
1534290 1534477
1534617 1534811
1536338 1536525
1536665 1536859
1538386 1538573
1538713 1538907
1540434 1540621
1540761 1540955
1542479 1542672
1542809 1543003
1544527 1544720
1544857 1545051
1546575 1546768
1546905 1547099
1548623 1548816
1548953 1549147
1550671 1550864
1551001 1551195
1552719 1552912
1553049 1553243
1554767 1554960
1555097 1555291
1556811 1557008
1557145 1557339
1558859 1559056
1559193 1559387
1560907 1561104
1561241 1561435
1562952 1563156
1563286 1563483
1565000 1565204
1565334 1565531
1567048 1567252
1567382 1567579
1569096 1569300
1569430 1569627
1571144 1571348
1571478 1571675
1573192 1573396
1573526 1573723
1575240 1575444
1575574 1575771
1577284 1577495
1577622 1577819
1579332 1579543
1579670 1579867
1581380 1581591
1581593 1581593
1581718 1581915
1583428 1583639
1583766 1583963
1585476 1585687
1585814 1586011
1587524 1587735
1587862 1588059
1589572 1589783
1589910 1590107
1591620 1591831
1591958 1592155
1593668 1593879
1594006 1594203
1595716 1595927
1596054 1596251
1597761 1597979
1598099 1598299
1599809 1600027
1600147 1600347
1601857 1602075
1602195 1602395
1603905 1604123
1604243 1604447
1605953 1606171
1606291 1606495
1608001 1608219
1608339 1608543
1610049 1610267
1610387 1610591
1612094 1612315
1612434 1612639
1614142 1614363
1614482 1614687
1616190 1616411
1616529 1616529
1616531 1616735
1618238 1618459
1618579 1618783
1620286 1620507
1620627 1620831
1622334 1622555
1622675 1622879
1624382 1624603
1624723 1624927
1626430 1626654
1626771 1626975
1628478 1628702
1628819 1629023
1630526 1630750
1630867 1631071
1632574 1632798
1632911 1633119
1634622 1634846
1634959 1635167
1636670 1636894
1637007 1637215
1638718 1638942
1639055 1639263
1640766 1640990
1641103 1641311
1642814 1643038
1643151 1643359
1644862 1645086
1645197 1645197
1645199 1645407
1646910 1647134
1647247 1647455
1648958 1649182
1649295 1649503
1651009 1651230
1651343 1651551
1653057 1653278
1653391 1653599
1655105 1655326
1655439 1655647
1657153 1657374
1657487 1657695
1659201 1659423
1659542 1659743
1661249 1661471
1661590 1661791
1663297 1663518
1663638 1663839
1665345 1665563
1665696 1665887
1667393 1667611
1667744 1667935
1669441 1669659
1669792 1669983
1671492 1671707
1671843 1672031
1673540 1673755
1673891 1674079
1675588 1675803
1675939 1676127
1677636 1677851
1677987 1678175
1679684 1679895
1680039 1680223
1681732 1681943
1682087 1682271
1683780 1683991
1684135 1684319
1685832 1686039
1686186 1686205
1686210 1686367
1687880 1688087
1688234 1688253
1688258 1688415
1689928 1690135
1690282 1690301
1690306 1690463
1691979 1692180
1692334 1692335
1692354 1692511
1694027 1694228
1694382 1694383
1694402 1694559
1696075 1696276
1696430 1696431
1696450 1696607
1698123 1698324
1698478 1698479
1698498 1698655
1700175 1700260
1700283 1700368
1700549 1700703
1702223 1702308
1702331 1702416
1702597 1702751
1704271 1704356
1704379 1704464
1704645 1704799
1706322 1706398
1706430 1706509
1706693 1706847
1708370 1708446
1708478 1708557
1708741 1708895
1710418 1710494
1710526 1710605
1710789 1710943
1712466 1712542
1712574 1712653
1712837 1712991
1714517 1714583
1714625 1714694
1714885 1715039
1716565 1716631
1716673 1716742
1716933 1717087
1718613 1718679
1718721 1718790
1718981 1719135
1720668 1720724
1720773 1720835
1721029 1721179
1722716 1722772
1722821 1722883
1723077 1723227
1724764 1724820
1724869 1724931
1725125 1725275
1726815 1726861
1726923 1726972
1727173 1727316
1728863 1728909
1728971 1729020
1729221 1729364
1730911 1730957
1731019 1731068
1731269 1731412
1732959 1733005
1733067 1733116
1733317 1733460
1735011 1735049
1735119 1735161
1735369 1735502
1737059 1737097
1737167 1737209
1737417 1737550
1739107 1739145
1739215 1739257
1739465 1739598
1741158 1741190
1741270 1741298
1741513 1741636
1743206 1743238
1743318 1743346
1743561 1743684
1745254 1745286
1745366 1745394
1745609 1745732
1747306 1747327
1747417 1747439
1747660 1747753
1747774 1747777
1749354 1749375
1749465 1749487
1749708 1749801
1751402 1751423
1751513 1751535
1751756 1751849
1753450 1753471
1753561 1753583
1753804 1753897
1755501 1755516
1755612 1755627
1755855 1755874
1755899 1755938
1757549 1757564
1757660 1757675
1757903 1757922
1757947 1757986
1759597 1759612
1759708 1759723
1759951 1759970
1759995 1760034
1761648 1761653
1761760 1761765
1762053 1762075
1763696 1763701
1763808 1763813
1764101 1764123
1765744 1765749
1765856 1765861
1766149 1766171
1767792 1767797
1767904 1767909
1768197 1768219
2910367 2910369
2910377 2910419
2910422 2910422
2912415 2912417
2912425 2912467
2914463 2914465
2914473 2914515
2916492 2916492
2916498 2916499
2916508 2916513
2916521 2916563
2918539 2918631
2920587 2920679
2922635 2922727
2924673 2924786
2926721 2926834
2928769 2928882
2930813 2930933
2932861 2932981
2934909 2935029
2936957 2937080
2938999 2939132
2941047 2941180
2943033 2943033
2943095 2943228
2943289 2943289
2945068 2945087
2945136 2945286
2945325 2945350
2947116 2947135
2947184 2947334
2947373 2947398
2949164 2949183
2949232 2949382
2949421 2949446
2951212 2951231
2951280 2951430
2951469 2951494
2953260 2953289
2953321 2953491
2953500 2953543
2955308 2955337
2955369 2955539
2955548 2955591
2957356 2957385
2957417 2957587
2957596 2957638
2959404 2959686
2961452 2961734
2963500 2963782
2965548 2965831
2967596 2967879
2969644 2969927
2971692 2971975
2973740 2974023
2975788 2976071
2977836 2978118
2979884 2980166
2981932 2982214
2983980 2984262
2986028 2986311
2988076 2988359
2990124 2990407
2992172 2992454
2994220 2994502
2996268 2996550
2998316 2998598
3000364 3000646
3002412 3002694
3004460 3004742
3006508 3006790
3008556 3008838
3010604 3010886
3012652 3012934
3014699 3014985
3016747 3017033
3018793 3018913
3018925 3018950
3018962 3019081
3020841 3020961
3020973 3020998
3021010 3021129
3022889 3023009
3023021 3023046
3023058 3023177
3024937 3025057
3025069 3025094
3025106 3025225
3026985 3027078
3027133 3027135
3027181 3027273
3029033 3029126
3029181 3029183
3029229 3029321
3031081 3031174
3031229 3031231
3031277 3031369
3033129 3033208
3033274 3033279
3033325 3033417
3035177 3035256
3035321 3035330
3035373 3035465
3037225 3037304
3037369 3037378
3037421 3037513
3039273 3039352
3039417 3039426
3039469 3039561
3041355 3041374
3041463 3041478
3041513 3041532
3041556 3041576
3043403 3043422
3043511 3043526
3043561 3043580
3043604 3043624
3045451 3045470
3045559 3045574
3045609 3045628
3045649 3045649
3045652 3045672
3047607 3047622
3047657 3047676
3049648 3049673
3049702 3049727
3051696 3051721
3051750 3051775
3053744 3053769
3053798 3053823
3053919 3053942
3055785 3055824
3055843 3055878
3055957 3055993
3057833 3057872
3057891 3057926
3058005 3058041
3059881 3059920
3059939 3059974
3060053 3060089
3061929 3061968
3061987 3062022
3062101 3062137
3063970 3064016
3064031 3064077
3064143 3064191
3066018 3066064
3066079 3066125
3066191 3066239
3068066 3068112
3068127 3068173
3068239 3068287
3069973 3069994
3070108 3070163
3070172 3070227
3070283 3070342
3072021 3072042
3072156 3072211
3072220 3072275
3072331 3072390
3074069 3074090
3074204 3074259
3074268 3074323
3074379 3074439
3076110 3076149
3076245 3076378
3076424 3076489
3078158 3078197
3078293 3078426
3078472 3078537
3080206 3080245
3080341 3080474
3080520 3080585
3082254 3082293
3082389 3082522
3082568 3082630
3084299 3084341
3084434 3084573
3084612 3084678
3086347 3086389
3086482 3086621
3086660 3086726
3088395 3088437
3088530 3088669
3088708 3088771
3090436 3090495
3090571 3090724
3090753 3090819
3092484 3092543
3092619 3092772
3092801 3092867
3094532 3094591
3094667 3094820
3094849 3094915
3096576 3096642
3096708 3096875
3096894 3096963
3098624 3098690
3098756 3098923
3098942 3099011
3100672 3100738
3100804 3100971
3100990 3101059
3102724 3102786
3102852 3103019
3103044 3103107
3104772 3104837
3104893 3105074
3105092 3105158
3106820 3106885
3106941 3107122
3107140 3107206
3108871 3108933
3108989 3109170
3109192 3109254
3110919 3110985
3111031 3111224
3111240 3111302
3112967 3113033
3113079 3113272
3113288 3113350
3115015 3115081
3115127 3115320
3115336 3115398
3117063 3117129
3117175 3117368
3117384 3117446
3119111 3119177
3119219 3119420
3119425 3119497
3121159 3121225
3121267 3121468
3121473 3121545
3123207 3123266
3123315 3123517
3123520 3123590
3125252 3125314
3125360 3125638
3127300 3127362
3127408 3127686
3129348 3129410
3129456 3129731
3131392 3131458
3131497 3131779
3133440 3133506
3133545 3133827
3135488 3135554
3135593 3135875
3137536 3137605
3137635 3137636
3137641 3137919
3139584 3139657
3139682 3139967
3141632 3141705
3141730 3142015
3143680 3143753
3143775 3143776
3143778 3144060
3145728 3145801
3145820 3146108
3147776 3147849
3147868 3148156
3149824 3149897
3149916 3150204
3151876 3151938
3151953 3152242
3153924 3153986
3154001 3154290
3155972 3156034
3156049 3156338
3158027 3158082
3158097 3158379
3160075 3160131
3160135 3160427
3162123 3162179
3162183 3162475
3164174 3164227
3164230 3164523
3166222 3166578
3168270 3168626
3170318 3170674
3172369 3172536
3172599 3172722
3172737 3172739
3174417 3174584
3174647 3174791
3176465 3176632
3176695 3176839
3178513 3178680
3178695 3178697
3178706 3178707
3178729 3178731
3178743 3178889
3178915 3178916
3178922 3178923
3180544 3180975
3182592 3183023
3184640 3185071
3186688 3187119
3188736 3189167
3190784 3191215
3192832 3193263
3194880 3195311
3196928 3197359
3198976 3199180
3199189 3199194
3199203 3199407
3201024 3201228
3201237 3201242
3201251 3201455
3203072 3203276
3203285 3203290
3203299 3203503
3205120 3205324
3205333 3205338
3205347 3205551
3207168 3207372
3207381 3207386
3207393 3207599
3209216 3209420
3209429 3209434
3209442 3209647
3211264 3211468
3211477 3211482
3211490 3211695
3213312 3213415
3213424 3213516
3213525 3213530
3213538 3213631
3213640 3213743
3215360 3215463
3215472 3215568
3215573 3215578
3215583 3215679
3215688 3215791
3217408 3217511
3217520 3217727
3217736 3217839
3219456 3219556
3219568 3219775
3219787 3219887
3221504 3221604
3221616 3221823
3221835 3221935
3223552 3223652
3223664 3223871
3223883 3223983
3225600 3225700
3225712 3225919
3225931 3226031
3227648 3227745
3227763 3227964
3227982 3228079
3229696 3229793
3229811 3230012
3230030 3230127
3231744 3231841
3231859 3232060
3232078 3232175
3233792 3233885
3233907 3234108
3234130 3234223
3235840 3235933
3235955 3236156
3236178 3236271
3237888 3237981
3238003 3238204
3238226 3238319
3239936 3240029
3240051 3240252
3240274 3240367
3241984 3242077
3242099 3242300
3242322 3242415
3244032 3244125
3244147 3244348
3244370 3244463
3246080 3246173
3246195 3246396
3246418 3246511
3248128 3248218
3248243 3248444
3248469 3248559
3250176 3250266
3250291 3250492
3250517 3250607
3252224 3252314
3252339 3252540
3252565 3252655
3254272 3254362
3254387 3254446
3254468 3254507
3254529 3254588
3254613 3254703
3256320 3256410
3256435 3256494
3256516 3256555
3256577 3256636
3256661 3256751
3258368 3258458
3258483 3258542
3258564 3258603
3258625 3258684
3258709 3258799
3260416 3260506
3260531 3260590
3260612 3260651
3260673 3260732
3260757 3260847
3262464 3262554
3262579 3262635
3262664 3262695
3262724 3262780
3262805 3262895
3264512 3264602
3264627 3264683
3264712 3264743
3264772 3264828
3264853 3264943
3266560 3266650
3266675 3266731
3266760 3266791
3266820 3266876
3266901 3266991
3268608 3268698
3268723 3268779
3268808 3268839
3268868 3268924
3268949 3269039
3270656 3270746
3270771 3270827
3270856 3270888
3270916 3270972
3270997 3271087
3272704 3272794
3272819 3272875
3272904 3272936
3272964 3273020
3273045 3273135
3274752 3274842
3274867 3274923
3274952 3274984
3275012 3275068
3275093 3275183
3276800 3276890
3276915 3276971
3276996 3277035
3277060 3277116
3277141 3277231
3278848 3278938
3278963 3279019
3279044 3279083
3279108 3279164
3279189 3279279
3280896 3280986
3281011 3281067
3281092 3281131
3281156 3281212
3281237 3281327
3282944 3283034
3283059 3283115
3283140 3283179
3283183 3283183
3283204 3283260
3283285 3283375
3284992 3285082
3285107 3285169
3285181 3285234
3285246 3285308
3285333 3285423
3287040 3287130
3287155 3287217
3287229 3287282
3287294 3287356
3287381 3287471
3289088 3289178
3289203 3289265
3289277 3289330
3289342 3289404
3289429 3289519
3291136 3291226
3291251 3291452
3291477 3291567
3293184 3293274
3293299 3293500
3293525 3293615
3295232 3295322
3295347 3295548
3295573 3295663
3297280 3297373
3297395 3297596
3297618 3297711
3299328 3299421
3299443 3299644
3299666 3299759
3301376 3301469
3301491 3301692
3301714 3301807
3303424 3303517
3303539 3303740
3303762 3303855
3305472 3305565
3305584 3305791
3305810 3305903
3307520 3307613
3307632 3307839
3307858 3307951
3309568 3309661
3309680 3309887
3309906 3309999
3311616 3311717
3311720 3311942
3311947 3312047
3313664 3313765
3313768 3313990
3313995 3314095
3315712 3315813
3315816 3316038
3316043 3316143
3317760 3318191
3319808 3320239
3321856 3322287
3323908 3324331
3325956 3326379
3328004 3328427
3330052 3330475
3332100 3332523
3334148 3334571
3336196 3336619
3338244 3338667
3340292 3340715
3342340 3342763
3344388 3344811
3346436 3346859
3348484 3348907
3350535 3350952
3352583 3353000
3354631 3355048
3356679 3357096
3358727 3359144
3360775 3361192
3362823 3363240
3364871 3365288
3366919 3367336
3368967 3369384
3371015 3371432
3373067 3373480
3375115 3375528
3377163 3377576
3379211 3379620
3381259 3381668
3383307 3383716
3385355 3385764
3387403 3387812
3389451 3389860
3391499 3391908
3393550 3393953
3395598 3396001
3397646 3398049
3399694 3400097
3401742 3402145
3403790 3404193
3405841 3406238
3407889 3408286
3409937 3410334
3411985 3412382
3414033 3414430
3416081 3416478
3418129 3418526
3420181 3420371
3420380 3420570
3422229 3422419
3422428 3422618
3424277 3424467
3424476 3424666
3426325 3426515
3426524 3426714
3428373 3428563
3428575 3428762
3430421 3430611
3430623 3430810
3432469 3432659
3432671 3432858
3434520 3434704
3434719 3434903
3436568 3436752
3436767 3436951
3438616 3438800
3438815 3438999
3440667 3440844
3440867 3441044
3442715 3442892
3442915 3443092
3444763 3444940
3444963 3445140
3446811 3446988
3447011 3447188
3448859 3449036
3449059 3449236
3450907 3451084
3451107 3451284
3452955 3453132
3453155 3453332
3455007 3455177
3455206 3455376
3457055 3457225
3457254 3457424
3459103 3459273
3459302 3459472
3461154 3461318
3461353 3461517
3463202 3463366
3463401 3463565
3465250 3465414
3465449 3465613
3467298 3467462
3467497 3467661
3469350 3469506
3469548 3469705
3471398 3471554
3471596 3471753
3473446 3473602
3473644 3473801
3475497 3475647
3475696 3475846
3477545 3477695
3477744 3477894
3479593 3479743
3479792 3479942
3481641 3481791
3481840 3481990
3483692 3483836
3483891 3484035
3485740 3485884
3485939 3486083
3487788 3487932
3487987 3488131
3489837 3489838
3489843 3489973
3490039 3490172
3491891 3492021
3492087 3492220
3493939 3494069
3494135 3494268
3495990 3496110
3496190 3496313
3498038 3498158
3498238 3498361
3500086 3500206
3500286 3500409
3502134 3502254
3502334 3502457
3504189 3504299
3504384 3504498
3506237 3506347
3506432 3506546
3508285 3508395
3508480 3508594
3510340 3510439
3510536 3510635
3512388 3512487
3512584 3512683
3514436 3514535
3514632 3514731
3516484 3516486
3516491 3516573
3516683 3516685
3516690 3516772
3516777 3516779
3518539 3518621
3518738 3518820
3520587 3520669
3520786 3520868
3522635 3522717
3522834 3522916
3524689 3524758
3524889 3524958
3526740 3526806
3526937 3527003
3528788 3528854
3528985 3529051
3530854 3530886
3531049 3531085
3532902 3532934
3533097 3533133
3534950 3534982
3535145 3535181
3536998 3537030
3537193 3537229
